time,s1,s2,v1,v2,a1,a2,extra_info
0.0,0.0,0.0,0.0,0.0,0.1,0.2,info0.0
0.02,0.0,0.0,0.0,0.01,0.1,0.2,info0.02
0.04,0.0,0.0,0.01,0.01,0.1,0.2,info0.04
0.06,0.0,0.0,0.01,0.02,0.1,0.2,info0.06
0.08,0.0,0.0,0.01,0.02,0.1,0.2,info0.08
0.1,0.0,0.0,0.01,0.02,0.1,0.2,info0.1
0.12,0.0,0.0,0.01,0.03,0.1,0.2,info0.12
0.14,0.0,0.0,0.02,0.03,0.1,0.2,info0.14
0.16,0.0,0.0,0.02,0.04,0.1,0.2,info0.16
0.18,0.0,0.0,0.02,0.04,0.1,0.2,info0.18
0.2,0.0,0.0,0.02,0.04,0.1,0.2,info0.2
0.22,0.0,0.01,0.02,0.05,0.1,0.2,info0.22
0.24,0.0,0.01,0.03,0.05,0.1,0.2,info0.24
0.26,0.0,0.01,0.03,0.06,0.1,0.2,info0.26
0.28,0.0,0.01,0.03,0.06,0.1,0.2,info0.28
0.3,0.01,0.01,0.03,0.06,0.1,0.2,info0.3
0.32,0.01,0.01,0.03,0.07,0.1,0.2,info0.32
0.34,0.01,0.01,0.04,0.07,0.1,0.2,info0.34
0.36,0.01,0.01,0.04,0.08,0.1,0.2,info0.36
0.38,0.01,0.02,0.04,0.08,0.1,0.2,info0.38
0.4,0.01,0.02,0.04,0.08,0.1,0.2,info0.4
0.42,0.01,0.02,0.04,0.09,0.1,0.2,info0.42
0.44,0.01,0.02,0.05,0.09,0.1,0.2,info0.44
0.46,0.01,0.02,0.05,0.1,0.1,0.2,info0.46
0.48,0.01,0.03,0.05,0.1,0.1,0.2,info0.48
0.5,0.01,0.03,0.05,0.1,0.1,0.2,info0.5
0.52,0.01,0.03,0.05,0.11,0.1,0.2,info0.52
0.54,0.02,0.03,0.06,0.11,0.1,0.2,info0.54
0.56,0.02,0.03,0.06,0.12,0.1,0.2,info0.56
0.58,0.02,0.04,0.06,0.12,0.1,0.2,info0.58
0.6,0.02,0.04,0.06,0.12,0.1,0.2,info0.6
0.62,0.02,0.04,0.06,0.13,0.1,0.2,info0.62
0.64,0.02,0.04,0.07,0.13,0.1,0.2,info0.64
0.66,0.02,0.05,0.07,0.14,0.1,0.2,info0.66
0.68,0.02,0.05,0.07,0.14,0.1,0.2,info0.68
0.7,0.03,0.05,0.07,0.14,0.1,0.2,info0.7
0.72,0.03,0.05,0.07,0.15,0.1,0.2,info0.72
0.74,0.03,0.06,0.08,0.15,0.1,0.2,info0.74
0.76,0.03,0.06,0.08,0.16,0.1,0.2,info0.76
0.78,0.03,0.06,0.08,0.16,0.1,0.2,info0.78
0.8,0.03,0.07,0.08,0.16,0.1,0.2,info0.8
0.82,0.04,0.07,0.08,0.17,0.1,0.2,info0.82
0.84,0.04,0.07,0.09,0.17,0.1,0.2,info0.84
0.86,0.04,0.08,0.09,0.18,0.1,0.2,info0.86
0.88,0.04,0.08,0.09,0.18,0.1,0.2,info0.88
0.9,0.04,0.08,0.09,0.18,0.1,0.2,info0.9
0.92,0.04,0.09,0.09,0.19,0.1,0.2,info0.92
0.94,0.05,0.09,0.1,0.19,0.1,0.2,info0.94
0.96,0.05,0.1,0.1,0.2,0.1,0.2,info0.96
0.98,0.05,0.1,0.1,0.2,0.1,0.2,info0.98
1.0,0.05,0.1,0.1,0.2,0.1,0.2,info1.0
1.02,0.05,0.11,0.1,0.21,0.1,0.2,info1.02
1.04,0.06,0.11,0.11,0.21,0.1,0.2,info1.04
1.06,0.06,0.12,0.11,0.22,0.1,0.2,info1.06
1.08,0.06,0.12,0.11,0.22,0.1,0.2,info1.08
1.1,0.06,0.13,0.11,0.22,0.1,0.2,info1.1
1.12,0.06,0.13,0.11,0.23,0.1,0.2,info1.12
1.14,0.07,0.13,0.12,0.23,0.1,0.2,info1.14
1.16,0.07,0.14,0.12,0.24,0.1,0.2,info1.16
1.18,0.07,0.14,0.12,0.24,0.1,0.2,info1.18
1.2,0.07,0.15,0.12,0.24,0.1,0.2,info1.2
1.22,0.08,0.15,0.12,0.25,0.1,0.2,info1.22
1.24,0.08,0.16,0.13,0.25,0.1,0.2,info1.24
1.26,0.08,0.16,0.13,0.26,0.1,0.2,info1.26
1.28,0.08,0.17,0.13,0.26,0.1,0.2,info1.28
1.3,0.09,0.17,0.13,0.26,0.1,0.2,info1.3
1.32,0.09,0.18,0.13,0.27,0.1,0.2,info1.32
1.34,0.09,0.18,0.14,0.27,0.1,0.2,info1.34
1.36,0.1,0.19,0.14,0.28,0.1,0.2,info1.36
1.38,0.1,0.2,0.14,0.28,0.1,0.2,info1.38
1.4,0.1,0.2,0.14,0.28,0.1,0.2,info1.4
1.42,0.1,0.21,0.14,0.29,0.1,0.2,info1.42
1.44,0.11,0.21,0.15,0.29,0.1,0.2,info1.44
1.46,0.11,0.22,0.15,0.3,0.1,0.2,info1.46
1.48,0.11,0.23,0.15,0.3,0.1,0.2,info1.48
1.5,0.12,0.23,0.15,0.3,0.1,0.2,info1.5
1.52,0.12,0.24,0.15,0.31,0.1,0.2,info1.52
1.54,0.12,0.24,0.16,0.31,0.1,0.2,info1.54
1.56,0.12,0.25,0.16,0.32,0.1,0.2,info1.56
1.58,0.13,0.26,0.16,0.32,0.1,0.2,info1.58
1.6,0.13,0.26,0.16,0.32,0.1,0.2,info1.6
1.62,0.13,0.27,0.16,0.33,0.1,0.2,info1.62
1.64,0.14,0.28,0.17,0.33,0.1,0.2,info1.64
1.66,0.14,0.28,0.17,0.34,0.1,0.2,info1.66
1.68,0.14,0.29,0.17,0.34,0.1,0.2,info1.68
1.7,0.15,0.3,0.17,0.34,0.1,0.2,info1.7
1.72,0.15,0.3,0.17,0.35,0.1,0.2,info1.72
1.74,0.15,0.31,0.18,0.35,0.1,0.2,info1.74
1.76,0.16,0.32,0.18,0.36,0.1,0.2,info1.76
1.78,0.16,0.32,0.18,0.36,0.1,0.2,info1.78
1.8,0.17,0.33,0.18,0.36,0.1,0.2,info1.8
1.82,0.17,0.34,0.18,0.37,0.1,0.2,info1.82
1.84,0.17,0.35,0.19,0.37,0.1,0.2,info1.84
1.86,0.18,0.35,0.19,0.38,0.1,0.2,info1.86
1.88,0.18,0.36,0.19,0.38,0.1,0.2,info1.88
1.9,0.18,0.37,0.19,0.38,0.1,0.2,info1.9
1.92,0.19,0.38,0.19,0.39,0.1,0.2,info1.92
1.94,0.19,0.38,0.2,0.39,0.1,0.2,info1.94
1.96,0.2,0.39,0.2,0.4,0.1,0.2,info1.96
1.98,0.2,0.4,0.2,0.4,0.1,0.2,info1.98
2.0,0.2,0.41,0.2,0.4,0.1,0.2,info2.0
2.02,0.21,0.42,0.2,0.41,0.1,0.2,info2.02
2.04,0.21,0.42,0.21,0.41,0.1,0.2,info2.04
2.06,0.22,0.43,0.21,0.42,0.1,0.2,info2.06
2.08,0.22,0.44,0.21,0.42,0.1,0.2,info2.08
2.1,0.22,0.45,0.21,0.42,0.1,0.2,info2.1
2.12,0.23,0.46,0.21,0.43,0.1,0.2,info2.12
2.14,0.23,0.47,0.22,0.43,0.1,0.2,info2.14
2.16,0.24,0.48,0.22,0.44,0.1,0.2,info2.16
2.18,0.24,0.48,0.22,0.44,0.1,0.2,info2.18
2.2,0.25,0.49,0.22,0.44,0.1,0.2,info2.2
2.22,0.25,0.5,0.22,0.45,0.1,0.2,info2.22
2.24,0.26,0.51,0.23,0.45,0.1,0.2,info2.24
2.26,0.26,0.52,0.23,0.46,0.1,0.2,info2.26
2.28,0.26,0.53,0.23,0.46,0.1,0.2,info2.28
2.3,0.27,0.54,0.23,0.46,0.1,0.2,info2.3
2.32,0.27,0.55,0.23,0.47,0.1,0.2,info2.32
2.34,0.28,0.56,0.24,0.47,0.1,0.2,info2.34
2.36,0.28,0.57,0.24,0.48,0.1,0.2,info2.36
2.38,0.29,0.58,0.24,0.48,0.1,0.2,info2.38
2.4,0.29,0.59,0.24,0.48,0.1,0.2,info2.4
2.42,0.3,0.6,0.24,0.49,0.1,0.2,info2.42
2.44,0.3,0.61,0.25,0.49,0.1,0.2,info2.44
2.46,0.31,0.62,0.25,0.5,0.1,0.2,info2.46
2.48,0.31,0.63,0.25,0.5,0.1,0.2,info2.48
2.51,0.32,0.64,0.25,0.5,0.1,0.2,info2.51
2.53,0.32,0.65,0.25,0.51,0.1,0.2,info2.53
2.55,0.33,0.66,0.26,0.51,0.1,0.2,info2.55
2.57,0.33,0.67,0.26,0.52,0.1,0.2,info2.57
2.59,0.34,0.68,0.26,0.52,0.1,0.2,info2.59
2.61,0.34,0.69,0.26,0.52,0.1,0.2,info2.61
2.63,0.35,0.7,0.26,0.53,0.1,0.2,info2.63
2.65,0.35,0.71,0.27,0.53,0.1,0.2,info2.65
2.67,0.36,0.72,0.27,0.54,0.1,0.2,info2.67
2.69,0.36,0.73,0.27,0.54,0.1,0.2,info2.69
2.71,0.37,0.74,0.27,0.54,0.1,0.2,info2.71
2.73,0.38,0.75,0.27,0.55,0.1,0.2,info2.73
2.75,0.38,0.76,0.28,0.55,0.1,0.2,info2.75
2.77,0.39,0.77,0.28,0.56,0.1,0.2,info2.77
2.79,0.39,0.78,0.28,0.56,0.1,0.2,info2.79
2.81,0.4,0.8,0.28,0.56,0.1,0.2,info2.81
2.83,0.4,0.81,0.28,0.57,0.1,0.2,info2.83
2.85,0.41,0.82,0.29,0.57,0.1,0.2,info2.85
2.87,0.41,0.83,0.29,0.58,0.1,0.2,info2.87
2.89,0.42,0.84,0.29,0.58,0.1,0.2,info2.89
2.91,0.43,0.85,0.29,0.58,0.1,0.2,info2.91
2.93,0.43,0.86,0.29,0.59,0.1,0.2,info2.93
2.95,0.44,0.88,0.3,0.59,0.1,0.2,info2.95
2.97,0.44,0.89,0.3,0.6,0.1,0.2,info2.97
2.99,0.45,0.9,0.3,0.6,0.1,0.2,info2.99
3.01,0.46,0.91,0.3,0.6,0.1,0.2,info3.01
3.03,0.46,0.92,0.3,0.61,0.1,0.2,info3.03
3.05,0.47,0.94,0.31,0.61,0.1,0.2,info3.05
3.07,0.47,0.95,0.31,0.62,0.1,0.2,info3.07
3.09,0.48,0.96,0.31,0.62,0.1,0.2,info3.09
3.11,0.49,0.97,0.31,0.62,0.1,0.2,info3.11
3.13,0.49,0.99,0.31,0.63,0.1,0.2,info3.13
3.15,0.5,1.0,0.32,0.63,0.1,0.2,info3.15
3.17,0.51,1.01,0.32,0.64,0.1,0.2,info3.17
3.19,0.51,1.02,0.32,0.64,0.1,0.2,info3.19
3.21,0.52,1.04,0.32,0.64,0.1,0.2,info3.21
3.23,0.52,1.05,0.32,0.65,0.1,0.2,info3.23
3.25,0.53,1.06,0.33,0.65,0.1,0.2,info3.25
3.27,0.54,1.08,0.33,0.66,0.1,0.2,info3.27
3.29,0.54,1.09,0.33,0.66,0.1,0.2,info3.29
3.31,0.55,1.1,0.33,0.66,0.1,0.2,info3.31
3.33,0.56,1.12,0.33,0.67,0.1,0.2,info3.33
3.35,0.56,1.13,0.34,0.67,0.1,0.2,info3.35
3.37,0.57,1.14,0.34,0.68,0.1,0.2,info3.37
3.39,0.58,1.16,0.34,0.68,0.1,0.2,info3.39
3.41,0.58,1.17,0.34,0.68,0.1,0.2,info3.41
3.43,0.59,1.18,0.34,0.69,0.1,0.2,info3.43
3.45,0.6,1.2,0.35,0.69,0.1,0.2,info3.45
3.47,0.61,1.21,0.35,0.7,0.1,0.2,info3.47
3.49,0.61,1.23,0.35,0.7,0.1,0.2,info3.49
3.51,0.62,1.24,0.35,0.7,0.1,0.2,info3.51
3.53,0.63,1.25,0.35,0.71,0.1,0.2,info3.53
3.55,0.63,1.27,0.36,0.71,0.1,0.2,info3.55
3.57,0.64,1.28,0.36,0.72,0.1,0.2,info3.57
3.59,0.65,1.3,0.36,0.72,0.1,0.2,info3.59
3.61,0.66,1.31,0.36,0.72,0.1,0.2,info3.61
3.63,0.66,1.32,0.36,0.73,0.1,0.2,info3.63
3.65,0.67,1.34,0.37,0.73,0.1,0.2,info3.65
3.67,0.68,1.35,0.37,0.74,0.1,0.2,info3.67
3.69,0.68,1.37,0.37,0.74,0.1,0.2,info3.69
3.71,0.69,1.38,0.37,0.74,0.1,0.2,info3.71
3.73,0.7,1.4,0.37,0.75,0.1,0.2,info3.73
3.75,0.71,1.41,0.38,0.75,0.1,0.2,info3.75
3.77,0.71,1.43,0.38,0.76,0.1,0.2,info3.77
3.79,0.72,1.44,0.38,0.76,0.1,0.2,info3.79
3.81,0.73,1.46,0.38,0.76,0.1,0.2,info3.81
3.83,0.74,1.47,0.38,0.77,0.1,0.2,info3.83
3.85,0.74,1.49,0.39,0.77,0.1,0.2,info3.85
3.87,0.75,1.51,0.39,0.78,0.1,0.2,info3.87
3.89,0.76,1.52,0.39,0.78,0.1,0.2,info3.89
3.91,0.77,1.54,0.39,0.78,0.1,0.2,info3.91
3.93,0.78,1.55,0.39,0.79,0.1,0.2,info3.93
3.95,0.78,1.57,0.4,0.79,0.1,0.2,info3.95
3.97,0.79,1.58,0.4,0.8,0.1,0.2,info3.97
3.99,0.8,1.6,0.4,0.8,0.1,0.2,info3.99
4.01,0.81,1.62,0.4,0.8,0.1,0.2,info4.01
4.03,0.82,1.63,0.4,0.81,0.1,0.2,info4.03
4.05,0.82,1.65,0.41,0.81,0.1,0.2,info4.05
4.07,0.83,1.66,0.41,0.82,0.1,0.2,info4.07
4.09,0.84,1.68,0.41,0.82,0.1,0.2,info4.09
4.11,0.85,1.7,0.41,0.82,0.1,0.2,info4.11
4.13,0.86,1.71,0.41,0.83,0.1,0.2,info4.13
4.15,0.87,1.73,0.42,0.83,0.1,0.2,info4.15
4.17,0.87,1.75,0.42,0.84,0.1,0.2,info4.17
4.19,0.88,1.76,0.42,0.84,0.1,0.2,info4.19
4.21,0.89,1.78,0.42,0.84,0.1,0.2,info4.21
4.23,0.9,1.8,0.42,0.85,0.1,0.2,info4.23
4.25,0.91,1.81,0.43,0.85,0.1,0.2,info4.25
4.27,0.92,1.83,0.43,0.86,0.1,0.2,info4.27
4.29,0.92,1.85,0.43,0.86,0.1,0.2,info4.29
4.31,0.93,1.87,0.43,0.86,0.1,0.2,info4.31
4.33,0.94,1.88,0.43,0.87,0.1,0.2,info4.33
4.35,0.95,1.9,0.44,0.87,0.1,0.2,info4.35
4.37,0.96,1.92,0.44,0.88,0.1,0.2,info4.37
4.39,0.97,1.94,0.44,0.88,0.1,0.2,info4.39
4.41,0.98,1.95,0.44,0.88,0.1,0.2,info4.41
4.43,0.99,1.97,0.44,0.89,0.1,0.2,info4.43
4.45,0.99,1.99,0.45,0.89,0.1,0.2,info4.45
4.47,1.0,2.01,0.45,0.9,0.1,0.2,info4.47
4.49,1.01,2.03,0.45,0.9,0.1,0.2,info4.49
4.51,1.02,2.04,0.45,0.9,0.1,0.2,info4.51
4.53,1.03,2.06,0.45,0.91,0.1,0.2,info4.53
4.55,1.04,2.08,0.46,0.91,0.1,0.2,info4.55
4.57,1.05,2.1,0.46,0.92,0.1,0.2,info4.57
4.59,1.06,2.12,0.46,0.92,0.1,0.2,info4.59
4.61,1.07,2.13,0.46,0.92,0.1,0.2,info4.61
4.63,1.08,2.15,0.46,0.93,0.1,0.2,info4.63
4.65,1.09,2.17,0.47,0.93,0.1,0.2,info4.65
4.67,1.1,2.19,0.47,0.94,0.1,0.2,info4.67
4.69,1.1,2.21,0.47,0.94,0.1,0.2,info4.69
4.71,1.11,2.23,0.47,0.94,0.1,0.2,info4.71
4.73,1.12,2.25,0.47,0.95,0.1,0.2,info4.73
4.75,1.13,2.27,0.48,0.95,0.1,0.2,info4.75
4.77,1.14,2.28,0.48,0.96,0.1,0.2,info4.77
4.79,1.15,2.3,0.48,0.96,0.1,0.2,info4.79
4.81,1.16,2.32,0.48,0.96,0.1,0.2,info4.81
4.83,1.17,2.34,0.48,0.97,0.1,0.2,info4.83
4.85,1.18,2.36,0.49,0.97,0.1,0.2,info4.85
4.87,1.19,2.38,0.49,0.98,0.1,0.2,info4.87
4.89,1.2,2.4,0.49,0.98,0.1,0.2,info4.89
4.91,1.21,2.42,0.49,0.98,0.1,0.2,info4.91
4.93,1.22,2.44,0.49,0.99,0.1,0.2,info4.93
4.95,1.23,2.46,0.5,0.99,0.1,0.2,info4.95
4.97,1.24,2.48,0.5,1.0,0.1,0.2,info4.97
4.99,1.25,2.5,0.5,1.0,0.1,0.2,info4.99
5.01,1.26,2.52,0.5,1.0,0.1,0.2,info5.01
5.03,1.27,2.54,0.5,1.01,0.1,0.2,info5.03
5.05,1.28,2.56,0.51,1.01,0.1,0.2,info5.05
5.07,1.29,2.58,0.51,1.02,0.1,0.2,info5.07
5.09,1.3,2.6,0.51,1.02,0.1,0.2,info5.09
5.11,1.31,2.62,0.51,1.02,0.1,0.2,info5.11
5.13,1.32,2.64,0.51,1.03,0.1,0.2,info5.13
5.15,1.33,2.66,0.52,1.03,0.1,0.2,info5.15
5.17,1.34,2.68,0.52,1.04,0.1,0.2,info5.17
5.19,1.35,2.7,0.52,1.04,0.1,0.2,info5.19
5.21,1.36,2.72,0.52,1.04,0.1,0.2,info5.21
5.23,1.37,2.75,0.52,1.05,0.1,0.2,info5.23
5.25,1.38,2.77,0.53,1.05,0.1,0.2,info5.25
5.27,1.39,2.79,0.53,1.06,0.1,0.2,info5.27
5.29,1.4,2.81,0.53,1.06,0.1,0.2,info5.29
5.31,1.42,2.83,0.53,1.06,0.1,0.2,info5.31
5.33,1.43,2.85,0.53,1.07,0.1,0.2,info5.33
5.35,1.44,2.87,0.54,1.07,0.1,0.2,info5.35
5.37,1.45,2.89,0.54,1.08,0.1,0.2,info5.37
5.39,1.46,2.92,0.54,1.08,0.1,0.2,info5.39
5.41,1.47,2.94,0.54,1.08,0.1,0.2,info5.41
5.43,1.48,2.96,0.54,1.09,0.1,0.2,info5.43
5.45,1.49,2.98,0.55,1.09,0.1,0.2,info5.45
5.47,1.5,3.0,0.55,1.1,0.1,0.2,info5.47
5.49,1.51,3.03,0.55,1.1,0.1,0.2,info5.49
5.51,1.52,3.05,0.55,1.1,0.1,0.2,info5.51
5.53,1.53,3.07,0.55,1.11,0.1,0.2,info5.53
5.55,1.55,3.09,0.56,1.11,0.1,0.2,info5.55
5.57,1.56,3.11,0.56,1.12,0.1,0.2,info5.57
5.59,1.57,3.14,0.56,1.12,0.1,0.2,info5.59
5.61,1.58,3.16,0.56,1.12,0.1,0.2,info5.61
5.63,1.59,3.18,0.56,1.13,0.1,0.2,info5.63
5.65,1.6,3.2,0.57,1.13,0.1,0.2,info5.65
5.67,1.61,3.23,0.57,1.14,0.1,0.2,info5.67
5.69,1.62,3.25,0.57,1.14,0.1,0.2,info5.69
5.71,1.64,3.27,0.57,1.14,0.1,0.2,info5.71
5.73,1.65,3.29,0.57,1.15,0.1,0.2,info5.73
5.75,1.66,3.32,0.58,1.15,0.1,0.2,info5.75
5.77,1.67,3.34,0.58,1.16,0.1,0.2,info5.77
5.79,1.68,3.36,0.58,1.16,0.1,0.2,info5.79
5.81,1.69,3.39,0.58,1.16,0.1,0.2,info5.81
5.83,1.71,3.41,0.58,1.17,0.1,0.2,info5.83
5.85,1.72,3.43,0.59,1.17,0.1,0.2,info5.85
5.87,1.73,3.46,0.59,1.18,0.1,0.2,info5.87
5.89,1.74,3.48,0.59,1.18,0.1,0.2,info5.89
5.91,1.75,3.5,0.59,1.18,0.1,0.2,info5.91
5.93,1.76,3.53,0.59,1.19,0.1,0.2,info5.93
5.95,1.78,3.55,0.6,1.19,0.1,0.2,info5.95
5.97,1.79,3.58,0.6,1.2,0.1,0.2,info5.97
5.99,1.8,3.6,0.6,1.2,0.1,0.2,info5.99
6.01,1.81,3.62,0.6,1.2,0.1,0.2,info6.01
6.03,1.82,3.65,0.6,1.21,0.1,0.2,info6.03
6.05,1.84,3.67,0.61,1.21,0.1,0.2,info6.05
6.07,1.85,3.7,0.61,1.22,0.1,0.2,info6.07
6.09,1.86,3.72,0.61,1.22,0.1,0.2,info6.09
6.11,1.87,3.75,0.61,1.22,0.1,0.2,info6.11
6.13,1.88,3.77,0.61,1.23,0.1,0.2,info6.13
6.15,1.9,3.79,0.62,1.23,0.1,0.2,info6.15
6.17,1.91,3.82,0.62,1.24,0.1,0.2,info6.17
6.19,1.92,3.84,0.62,1.24,0.1,0.2,info6.19
6.21,1.93,3.87,0.62,1.24,0.1,0.2,info6.21
6.23,1.95,3.89,0.62,1.25,0.1,0.2,info6.23
6.25,1.96,3.92,0.63,1.25,0.1,0.2,info6.25
6.27,1.97,3.94,0.63,1.26,0.1,0.2,info6.27
6.29,1.98,3.97,0.63,1.26,0.1,0.2,info6.29
6.31,2.0,3.99,0.63,1.26,0.1,0.2,info6.31
6.33,2.01,4.02,0.63,1.27,0.1,0.2,info6.33
6.35,2.02,4.04,0.64,1.27,0.1,0.2,info6.35
6.37,2.04,4.07,0.64,1.28,0.1,0.2,info6.37
6.39,2.05,4.1,0.64,1.28,0.1,0.2,info6.39
6.41,2.06,4.12,0.64,1.28,0.1,0.2,info6.41
6.43,2.07,4.15,0.64,1.29,0.1,0.2,info6.43
6.45,2.09,4.17,0.65,1.29,0.1,0.2,info6.45
6.47,2.1,4.2,0.65,1.3,0.1,0.2,info6.47
6.49,2.11,4.23,0.65,1.3,0.1,0.2,info6.49
6.51,2.13,4.25,0.65,1.3,0.1,0.2,info6.51
6.53,2.14,4.28,0.65,1.31,0.1,0.2,info6.53
6.55,2.15,4.3,0.66,1.31,0.1,0.2,info6.55
6.57,2.16,4.33,0.66,1.32,0.1,0.2,info6.57
6.59,2.18,4.36,0.66,1.32,0.1,0.2,info6.59
6.61,2.19,4.38,0.66,1.32,0.1,0.2,info6.61
6.63,2.2,4.41,0.66,1.33,0.1,0.2,info6.63
6.65,2.22,4.44,0.67,1.33,0.1,0.2,info6.65
6.67,2.23,4.46,0.67,1.34,0.1,0.2,info6.67
6.69,2.24,4.49,0.67,1.34,0.1,0.2,info6.69
6.71,2.26,4.52,0.67,1.34,0.1,0.2,info6.71
6.73,2.27,4.54,0.67,1.35,0.1,0.2,info6.73
6.75,2.28,4.57,0.68,1.35,0.1,0.2,info6.75
6.77,2.3,4.6,0.68,1.36,0.1,0.2,info6.77
6.79,2.31,4.62,0.68,1.36,0.1,0.2,info6.79
6.81,2.33,4.65,0.68,1.36,0.1,0.2,info6.81
6.83,2.34,4.68,0.68,1.37,0.1,0.2,info6.83
6.85,2.35,4.71,0.69,1.37,0.1,0.2,info6.85
6.87,2.37,4.73,0.69,1.38,0.1,0.2,info6.87
6.89,2.38,4.76,0.69,1.38,0.1,0.2,info6.89
6.91,2.39,4.79,0.69,1.38,0.1,0.2,info6.91
6.93,2.41,4.82,0.69,1.39,0.1,0.2,info6.93
6.95,2.42,4.84,0.7,1.39,0.1,0.2,info6.95
6.97,2.44,4.87,0.7,1.4,0.1,0.2,info6.97
6.99,2.45,4.9,0.7,1.4,0.1,0.2,info6.99
7.01,2.46,4.93,0.7,1.4,0.1,0.2,info7.01
7.03,2.48,4.96,0.7,1.41,0.1,0.2,info7.03
7.05,2.49,4.98,0.71,1.41,0.1,0.2,info7.05
7.07,2.51,5.01,0.71,1.42,0.1,0.2,info7.07
7.09,2.52,5.04,0.71,1.42,0.1,0.2,info7.09
7.11,2.53,5.07,0.71,1.42,0.1,0.2,info7.11
7.13,2.55,5.1,0.71,1.43,0.1,0.2,info7.13
7.15,2.56,5.13,0.72,1.43,0.1,0.2,info7.15
7.17,2.58,5.16,0.72,1.44,0.1,0.2,info7.17
7.19,2.59,5.18,0.72,1.44,0.1,0.2,info7.19
7.21,2.61,5.21,0.72,1.44,0.1,0.2,info7.21
7.23,2.62,5.24,0.72,1.45,0.1,0.2,info7.23
7.25,2.64,5.27,0.73,1.45,0.1,0.2,info7.25
7.27,2.65,5.3,0.73,1.46,0.1,0.2,info7.27
7.29,2.66,5.33,0.73,1.46,0.1,0.2,info7.29
7.31,2.68,5.36,0.73,1.46,0.1,0.2,info7.31
7.33,2.69,5.39,0.73,1.47,0.1,0.2,info7.33
7.35,2.71,5.42,0.74,1.47,0.1,0.2,info7.35
7.37,2.72,5.45,0.74,1.48,0.1,0.2,info7.37
7.39,2.74,5.48,0.74,1.48,0.1,0.2,info7.39
7.41,2.75,5.51,0.74,1.48,0.1,0.2,info7.41
7.43,2.77,5.54,0.74,1.49,0.1,0.2,info7.43
7.45,2.78,5.57,0.75,1.49,0.1,0.2,info7.45
7.47,2.8,5.6,0.75,1.5,0.1,0.2,info7.47
7.49,2.81,5.63,0.75,1.5,0.1,0.2,info7.49
7.52,2.83,5.66,0.75,1.5,0.1,0.2,info7.52
7.54,2.84,5.69,0.75,1.51,0.1,0.2,info7.54
7.56,2.86,5.72,0.76,1.51,0.1,0.2,info7.56
7.58,2.87,5.75,0.76,1.52,0.1,0.2,info7.58
7.6,2.89,5.78,0.76,1.52,0.1,0.2,info7.6
7.62,2.9,5.81,0.76,1.52,0.1,0.2,info7.62
7.64,2.92,5.84,0.76,1.53,0.1,0.2,info7.64
7.66,2.93,5.87,0.77,1.53,0.1,0.2,info7.66
7.68,2.95,5.9,0.77,1.54,0.1,0.2,info7.68
7.7,2.96,5.93,0.77,1.54,0.1,0.2,info7.7
7.72,2.98,5.96,0.77,1.54,0.1,0.2,info7.72
7.74,3.0,5.99,0.77,1.55,0.1,0.2,info7.74
7.76,3.01,6.02,0.78,1.55,0.1,0.2,info7.76
7.78,3.03,6.05,0.78,1.56,0.1,0.2,info7.78
7.8,3.04,6.08,0.78,1.56,0.1,0.2,info7.8
7.82,3.06,6.12,0.78,1.56,0.1,0.2,info7.82
7.84,3.07,6.15,0.78,1.57,0.1,0.2,info7.84
7.86,3.09,6.18,0.79,1.57,0.1,0.2,info7.86
7.88,3.1,6.21,0.79,1.58,0.1,0.2,info7.88
7.9,3.12,6.24,0.79,1.58,0.1,0.2,info7.9
7.92,3.14,6.27,0.79,1.58,0.1,0.2,info7.92
7.94,3.15,6.3,0.79,1.59,0.1,0.2,info7.94
7.96,3.17,6.34,0.8,1.59,0.1,0.2,info7.96
7.98,3.18,6.37,0.8,1.6,0.1,0.2,info7.98
8.0,3.2,6.4,0.8,1.6,0.1,0.2,info8.0
8.02,3.22,6.43,0.8,1.6,0.1,0.2,info8.02
8.04,3.23,6.46,0.8,1.61,0.1,0.2,info8.04
8.06,3.25,6.5,0.81,1.61,0.1,0.2,info8.06
8.08,3.26,6.53,0.81,1.62,0.1,0.2,info8.08
8.1,3.28,6.56,0.81,1.62,0.1,0.2,info8.1
8.12,3.3,6.59,0.81,1.62,0.1,0.2,info8.12
8.14,3.31,6.63,0.81,1.63,0.1,0.2,info8.14
8.16,3.33,6.66,0.82,1.63,0.1,0.2,info8.16
8.18,3.35,6.69,0.82,1.64,0.1,0.2,info8.18
8.2,3.36,6.72,0.82,1.64,0.1,0.2,info8.2
8.22,3.38,6.76,0.82,1.64,0.1,0.2,info8.22
8.24,3.39,6.79,0.82,1.65,0.1,0.2,info8.24
8.26,3.41,6.82,0.83,1.65,0.1,0.2,info8.26
8.28,3.43,6.86,0.83,1.66,0.1,0.2,info8.28
8.3,3.44,6.89,0.83,1.66,0.1,0.2,info8.3
8.32,3.46,6.92,0.83,1.66,0.1,0.2,info8.32
8.34,3.48,6.96,0.83,1.67,0.1,0.2,info8.34
8.36,3.49,6.99,0.84,1.67,0.1,0.2,info8.36
8.38,3.51,7.02,0.84,1.68,0.1,0.2,info8.38
8.4,3.53,7.06,0.84,1.68,0.1,0.2,info8.4
8.42,3.54,7.09,0.84,1.68,0.1,0.2,info8.42
8.44,3.56,7.12,0.84,1.69,0.1,0.2,info8.44
8.46,3.58,7.16,0.85,1.69,0.1,0.2,info8.46
8.48,3.6,7.19,0.85,1.7,0.1,0.2,info8.48
8.5,3.61,7.23,0.85,1.7,0.1,0.2,info8.5
8.52,3.63,7.26,0.85,1.7,0.1,0.2,info8.52
8.54,3.65,7.29,0.85,1.71,0.1,0.2,info8.54
8.56,3.66,7.33,0.86,1.71,0.1,0.2,info8.56
8.58,3.68,7.36,0.86,1.72,0.1,0.2,info8.58
8.6,3.7,7.4,0.86,1.72,0.1,0.2,info8.6
8.62,3.72,7.43,0.86,1.72,0.1,0.2,info8.62
8.64,3.73,7.46,0.86,1.73,0.1,0.2,info8.64
8.66,3.75,7.5,0.87,1.73,0.1,0.2,info8.66
8.68,3.77,7.53,0.87,1.74,0.1,0.2,info8.68
8.7,3.78,7.57,0.87,1.74,0.1,0.2,info8.7
8.72,3.8,7.6,0.87,1.74,0.1,0.2,info8.72
8.74,3.82,7.64,0.87,1.75,0.1,0.2,info8.74
8.76,3.84,7.67,0.88,1.75,0.1,0.2,info8.76
8.78,3.85,7.71,0.88,1.76,0.1,0.2,info8.78
8.8,3.87,7.74,0.88,1.76,0.1,0.2,info8.8
8.82,3.89,7.78,0.88,1.76,0.1,0.2,info8.82
8.84,3.91,7.81,0.88,1.77,0.1,0.2,info8.84
8.86,3.92,7.85,0.89,1.77,0.1,0.2,info8.86
8.88,3.94,7.89,0.89,1.78,0.1,0.2,info8.88
8.9,3.96,7.92,0.89,1.78,0.1,0.2,info8.9
8.92,3.98,7.96,0.89,1.78,0.1,0.2,info8.92
8.94,4.0,7.99,0.89,1.79,0.1,0.2,info8.94
8.96,4.01,8.03,0.9,1.79,0.1,0.2,info8.96
8.98,4.03,8.06,0.9,1.8,0.1,0.2,info8.98
9.0,4.05,8.1,0.9,1.8,0.1,0.2,info9.0
9.02,4.07,8.14,0.9,1.8,0.1,0.2,info9.02
9.04,4.09,8.17,0.9,1.81,0.1,0.2,info9.04
9.06,4.1,8.21,0.91,1.81,0.1,0.2,info9.06
9.08,4.12,8.24,0.91,1.82,0.1,0.2,info9.08
9.1,4.14,8.28,0.91,1.82,0.1,0.2,info9.1
9.12,4.16,8.32,0.91,1.82,0.1,0.2,info9.12
9.14,4.18,8.35,0.91,1.83,0.1,0.2,info9.14
9.16,4.2,8.39,0.92,1.83,0.1,0.2,info9.16
9.18,4.21,8.43,0.92,1.84,0.1,0.2,info9.18
9.2,4.23,8.46,0.92,1.84,0.1,0.2,info9.2
9.22,4.25,8.5,0.92,1.84,0.1,0.2,info9.22
9.24,4.27,8.54,0.92,1.85,0.1,0.2,info9.24
9.26,4.29,8.57,0.93,1.85,0.1,0.2,info9.26
9.28,4.31,8.61,0.93,1.86,0.1,0.2,info9.28
9.3,4.32,8.65,0.93,1.86,0.1,0.2,info9.3
9.32,4.34,8.69,0.93,1.86,0.1,0.2,info9.32
9.34,4.36,8.72,0.93,1.87,0.1,0.2,info9.34
9.36,4.38,8.76,0.94,1.87,0.1,0.2,info9.36
9.38,4.4,8.8,0.94,1.88,0.1,0.2,info9.38
9.4,4.42,8.84,0.94,1.88,0.1,0.2,info9.4
9.42,4.44,8.87,0.94,1.88,0.1,0.2,info9.42
9.44,4.46,8.91,0.94,1.89,0.1,0.2,info9.44
9.46,4.47,8.95,0.95,1.89,0.1,0.2,info9.46
9.48,4.49,8.99,0.95,1.9,0.1,0.2,info9.48
9.5,4.51,9.03,0.95,1.9,0.1,0.2,info9.5
9.52,4.53,9.06,0.95,1.9,0.1,0.2,info9.52
9.54,4.55,9.1,0.95,1.91,0.1,0.2,info9.54
9.56,4.57,9.14,0.96,1.91,0.1,0.2,info9.56
9.58,4.59,9.18,0.96,1.92,0.1,0.2,info9.58
9.6,4.61,9.22,0.96,1.92,0.1,0.2,info9.6
9.62,4.63,9.25,0.96,1.92,0.1,0.2,info9.62
9.64,4.65,9.29,0.96,1.93,0.1,0.2,info9.64
9.66,4.67,9.33,0.97,1.93,0.1,0.2,info9.66
9.68,4.69,9.37,0.97,1.94,0.1,0.2,info9.68
9.7,4.7,9.41,0.97,1.94,0.1,0.2,info9.7
9.72,4.72,9.45,0.97,1.94,0.1,0.2,info9.72
9.74,4.74,9.49,0.97,1.95,0.1,0.2,info9.74
9.76,4.76,9.53,0.98,1.95,0.1,0.2,info9.76
9.78,4.78,9.56,0.98,1.96,0.1,0.2,info9.78
9.8,4.8,9.6,0.98,1.96,0.1,0.2,info9.8
9.82,4.82,9.64,0.98,1.96,0.1,0.2,info9.82
9.84,4.84,9.68,0.98,1.97,0.1,0.2,info9.84
9.86,4.86,9.72,0.99,1.97,0.1,0.2,info9.86
9.88,4.88,9.76,0.99,1.98,0.1,0.2,info9.88
9.9,4.9,9.8,0.99,1.98,0.1,0.2,info9.9
9.92,4.92,9.84,0.99,1.98,0.1,0.2,info9.92
9.94,4.94,9.88,0.99,1.99,0.1,0.2,info9.94
9.96,4.96,9.92,1.0,1.99,0.1,0.2,info9.96
9.98,4.98,9.96,1.0,2.0,0.1,0.2,info9.98
10.0,5.0,10.0,1.0,2.0,0.1,0.2,info10.0
